6

4
1 2R 3 2
2 2 2 1
2 1 2 1
3R 3 2 0

3
2 1 1R
1 1 1
2R 2 0

7
3 6 4 3 2 4 3
2 1 2 3 2 5 2
2 3 4 3 4 2 3
2 4 4 3 4 2 2
4 5 1 3 2 5 4
4 3 2 2 4 5 6
2 5 2 5 6 1 0

8
4 2 2R 4 4 3R 4 3R
3 5 3 4 2 3 5 2R
4 3 2 5R 2 2 5 2
7 1 4 4 4 2 2 3
3R 2 2 4 2 5 2 5
2 3R 2 4 4 2 5 1R
6 2 2 3R 2 5 6 3
1 2R 5 4 4 2 1R 0

12
1R 1 1 4  1  1  1 5R 3 1 7 1R
1  2 1 1  1  1  1 1  1 1 1 1
1  1 1 1  1  1  1 1  1 2 1 1
8  1 1 3R 1  2R 1 1  1 1 1 3 
1  6 1 1  1  1  1 1  1 1 1 1 
1  1 2 1  1  1  1 1  1 1 1 1
3  1 1 1  1  1  1 1  1 1 1 1
1  1 1 1  1  1  1 1  1 1 1 1 
1  1 1 1  1  1  1 1  1 1 1 1
1  1 1 2  1  6  1 1  1 1 1 1 
1  1 4 2  1R 1  3 5R 1 1 1 1
9R 1 1 1  1  1  1 1  7 1 1 0

12
1R 9 6  6R 4 4  5  3 3 2  7R 3R
4  2 3  9  4 8  2  4 8 6R 7  1
3R 4 5  3  4 2  2  2 1 2  3  8
7  8 1  2  6 3  3R 4 6 3  9  4
9  6 4R 9  1 4  7  1 6 7  8  2
8  4 4  2  4 4  7  2 3 1  2  6
1  4 3  8  6 5  6R 4 9 5  1  4
5  7 2  2  4 2  8  2 1 4  2R 3
8  6 3R 9  5 3  1  2 3 1  2  1
1  1 3  3  7 7  5  3 2 9  6  9
5  2 2  8  3 6  2  3 6 5  8  3
9R 2 2  4  7 6R 5R 7 7 3  4  0
